0
5
17
18
19
25
26
28
33
35
38
42
43
45
48
51
52
55
56
61
62
63
65
66
67
69
70
71
72
73
78
80
86
88
95
101
102
103
104
105
106
107
110
111
113
114
117
118
119
120
124
125
126
127
129
130
131
132
139
140
141
146
150
155
160
161
162
164
170
176
177
184
185
189
192
195
200
201
203
205
206
216
217
218
220
221
224
226
230
240
241
244
245
247
250
254
257
261
263
265
266
267
271
272
285
286
288
289
290
297
302
303
304
308
310
318
321
325
329
331
335
340
341
343
346
347
348
349
353
359
360
361
362
372
373
375
376
379
381
385
387
390
391
392
398
399
400
409
411
415
416
421
423
433
434
437
438
440
442
443
446
447
455
460
469
470
472
473
482
483
485
486
498
501
503
505
512
515
520
523
527
528
532
544
549
551
552
557
574
575
577
582
589
602
603
608
611
612
613
614
615
616
617
618
620
621
622
624
625
626
627
631
637
640
643
644
646
652
653
654
655
656
660
661
664
665
666
668
669
670
671
674
676
677
678
683
684
700
701
708
711
713
722
723
728
730
731
736
738
739
740
742
750
754
762
765
766
769
770
771
772
774
777
781
791
792
793
795
797
798
804
807
810
812
814
816
817
820
822
826
829
836
839
841
850
851
853
854
859
861
864
867
869
874
876
878
880
889
893
894
902
904
916
918
921
924
926
930
938
940
941
948
951
958
959
965
966
968
972
973
980
981
989
993
997
1019
1021
1029
1036
1053
1054
1056
1063
1065
1069
1093
1094
1100
1102
1126
1128
1129
1133
1135
1142
1143
1145
1150
1152
1153
1154
1158
1162
1163
1165
1166
1167
1168
1172
1173
1175
1176
1178
1180
1181
1186
1191
1192
1201
1205
1207
1211
1213
1215
1217
1218
1219
1220
1221
1227
1228
1229
1233
1235
1239
1242
1251
1260
1272
1279
1286
1289
1290
1304
1309
1310
1313
1315
1320
1325
1328
1329
1332
1343
1345
1346
1348
1349
1358
1361
1363
1364
1369
1370
1375
1377
1387
1388
1389
1390
1391
1402
1404
1405
1406
1412
1414
1428
1431
1450
1451
1459
1460
1467
1474
1476
1481
1489
1493
1509
1518
1521
1523
1524
1526
1531
1534
1540
1543
1545
1555
1562
1564
1570
1571
1573
1604
1614
1616
1618
1625
1649
1653
1654
1661
1675
1677
1679
1683
1684
1686
1693
1694
1695
1696
1698
1704
1705
1709
1710
1713
1714
1715
1716
1717
1718
1719
1720
1721
1722
1723
1726
1728
1739
1742
1750
1757
1758
1764
1767
1769
1770
1772
1775
1778
1779
1780
1786
1787
1790
1792
1795
1802
1808
1812
1813
1815
1819
1820
1824
1830
1832
1845
1846
1847
1848
1856
1860
1862
1869
1879
1884
1890
1894
1897
1898
1900
1907
1908
1911
1912
1915
1917
1919
1920
1931
1940
1941
1942
1951
1952
1953
1956
1957
1961
1969
1982
1983
1984
1985
1990
1991
1993
2003
2009
2012
2025
2028
2034
2038
2040
2042
2044
2048
2051
2052
2053
2059
2073
2074
2080
2082
2090
2091
2093
2094
2099
2100
2112
2114
2115
2116
2118
2119
2124
2128
2129
2132
2137
2138
2146
2148
2151
2156
2157
2199
2200
2202
2204
2227
2228
2231
2234
2235
2238
2244
2247
2254
2255
2256
2257
2261
2264
2266
2267
2268
2269
2270
2271
2272
2273
2274
2275
2276
2277
2278
2279
2283
2289
2291
2292
2293
2298
2300
2305
2306
2308
2309
2317
2321
2322
2326
2327
2329
2330
2331
2334
2335
2336
2338
2341
2353
2363
2364
2368
2372
2381
2394
2407
2411
2415
2420
2424
2430
2431
2440
2445
2448
2458
2462
2464
2468
2473
2477
2489
2491
2493
2503
2504
2508
2509
2512
2521
2526
2527
2529
2533
2542
2549
2554
2556
2557
2560
2562
2563
2564
2571
2572
2574
2576
2577
2585
2591
2593
2595
2596
2598
2618
2623
2625
2626
2628
2629
2631
2637
2640
2643
2649
2665
2666
2668
2676
2681
2688
2695
2709
2710
2738
2743
2744
2746
2747
2752
2755
2776
2778
2789
2795
2798
2800
2805
2806
2807
2808
2811
2815
2817
2818
2819
2821
2822
2823
2825
2826
2827
2828
2833
2834
2835
2840
2846
2857
2860
2861
2863
2868
2870
2871
2872
2873
2878
2881
2882
2883
2884
2886
2890
2899
2904
2905
2907
2913
2915
2917
2919
2923
2926
2927
2938
2939
2950
2954
2955
2959
2962
2964
2965
2971
2978
2981
2983
2999
3000
3009
3010
3012
3015
3019
3024
3032
3039
3040
3043
3044
3045
3054
3055
3067
3068
3079
3086
3090
3092
3093
3104
3108
3114
3115
3120
3128
3141
3142
3144
3146
3149
3172
3186
3194
3195
3196
3201
3202
3207
3234
3236
3242
3246
3261
3267
3269
3278
3283
3290
3296
3301
3305
3306
3308
3309
3319
3329
3330
3337
3339
3341
3349
3356
3357
3358
3359
3362
3366
3367
3368
3370
3372
3373
3374
3375
3376
3377
3378
3379
3380
3383
3384
3386
3390
3391
3395
3397
3401
3419
3420
3421
3423
3427
3435
3455
3458
3465
3470
3474
3477
3485
3493
3497
3500
3504
3505
3509
3522
3525
3529
3532
3542
3543
3547
3560
3561
3564
3569
3570
3579
3583
3593
3594
3595
3606
3609
3610
3614
3632
3643
3644
3659
3665
3668
3679
3691
3693
3702
3717
3720
3722
3725
3726
3727
3735
3737
3742
3743
3748
3751
3752
3753
3759
3785
3791
3792
3794
3796
3797
3799
3800
3803
3805
3811
3812
3813
3816
3820
3825
3834
3846
3847
3873
3879
3881
3883
3884
3890
3897
3900
3901
3902
3903
3907
3910
3913
3914
3917
3918
3919
3920
3921
3923
3924
3927
3928
3929
3930
3931
3935
3937
3938
3940
3942
3943
3944
3952
3957
3958
3960
3961
3962
3970
3972
3973
3974
3975
3979
3980
3982
3983
3984
3985
3986
3988
3990
3999
4006
4007
4009
4014
4016
4020
4021
4024
4025
4028
4041
4045
4046
4049
4059
4061
4062
4063
4068
4072
4080
4081
4083
4098
4099
4105
4109
4110
4112
4115
4117
4118
4124
4126
4128
4130
4131
4134
4141
4142
4143
4144
4145
4146
4147
4157
4161
4162
4165
4175
4177
4182
4187
4192
4194
4195
4208
4209
4216
4217
4219
4221
4229
4235
4243
4244
4246
4251
4256
4263
4265
4268
4270
4271
4272
4273
4294
4295
4298
4301
4303
4309
4316
4317
4319
4322
4333
4336
4339
4347
4350
4351
4353
4354
4363
4371
4409
4424
4431
4432
4439
4441
4448
4451
4458
4459
4460
4464
4465
4468
4469
4470
4472
4473
4474
4475
4476
4478
4479
4480
4482
4483
4508
4509
4510
4511
4513
4516
4517
4521
4522
4524
4531
4533
4535
4536
4537
4540
4550
4557
4558
4560
4566
4572
4576
4579
4580
4587
4592
4597
4607
4608
4613
4622
4627
4631
4632
4634
4649
4652
4653
4655
4660
4663
4667
4668
4679
4681
4682
4685
4690
4691
4692
4693
4694
4696
4697
4708
4712
4713
4716
4733
4740
4745
4746
4752
4762
4765
4767
4770
4775
4776
4786
4787
4793
4794
4795
4799
4800
4802
4808
4814
4819
4821
4822
4824
4828
4836
4839
4845
4853
4859
4860
4862
4866
4871
4881
4884
4885
4887
4889
4901
4904
4905
4911
4944
4950
4951
4960
4974
4981
4990
4994
4999
5009
5010
5011
5015
5016
5019
5020
5022
5023
5024
5025
5026
5027
5028
5029
5030
5031
5034
5037
5044
5048
5053
5054
5060
5064
5065
5068
5072
5073
5076
5080
5085
5086
5087
5088
5101
5108
5111
5123
5126
5127
5130
5138
5146
5156
5158
5159
5162
5167
5168
5173
5174
5175
5183
5190
5194
5203
5206
5213
5214
5221
5222
5231
5232
5242
5243
5244
5246
5249
5259
5272
5276
5282
5287
5288
5296
5300
5303
5310
5311
5312
5316
5321
5326
5334
5337
5338
5346
5350
5353
5358
5359
5367
5370
5373
5375
5376
5377
5378
5383
5405
5406
5413
5417
5426
5432
5435
5438
5444
5453
5462
5468
5471
5473
5487
5496
5503
5506
5511
5525
5533
5536
5541
5543
5545
5550
5560
5561
5562
5566
5567
5570
5571
5573
5574
5575
5577
5578
5579
5580
5581
5582
5583
5585
5588
5590
5594
5595
5598
5611
5615
5616
5619
5622
5623
5624
5625
5626
5627
5629
5631
5635
5636
5637
5639
5644
5646
5648
5659
5674
5681
5689
5694
5701
5702
5705
5709
5710
5717
5718
5721
5722
5725
5728
5729
5733
5741
5752
5754
5757
5758
5762
5763
5768
5769
5770
5776
5777
5788
5793
5794
5796
5797
5798
5799
5800
5810
5815
5827
5835
5836
5838
5855
5864
5867
5870
5882
5889
5897
5904
5908
5918
5921
5924
5926
5938
5951
5955
5959
5969
5972
5974
5977
5986
5987
5989
5994
6006
6007
6009
6011
6013
6019
6030
6038
6045
6046
6051
6058
6060
6062
6083
6087
6094
6096
6101
6105
6106
6111
6112
6113
6118
6121
6122
6123
6124
6125
6127
6128
6130
6131
6132
6134
6136
6139
6141
6143
6144
6146
6149
6150
6152
6156
6162
6164
6165
6166
6167
6170
6172
6173
6174
6175
6176
6183
6186
6189
6192
6193
6200
6219
6225
6228
6235
6244
6245
6257
6259
6260
6261
6267
6269
6273
6278
6280
6284
6285
6302
6303
6305
6308
6313
6315
6318
6319
6320
6325
6332
6344
6345
6346
6348
6349
6350
6351
6360
6361
6379
6391
6392
6398
6400
6412
6414
6418
6420
6429
6436
6446
6447
6448
6452
6453
6455
6460
6466
6472
6477
6479
6489
6490
6496
6506
6507
6508
6512
6519
6527
6528
6537
6540
6542
6545
6557
6558
6562
6566
6604
6608
6614
6624
6634
6636
6638
6639
6645
6647
6652
6657
6658
6662
6664
6668
6669
6672
6674
6676
6677
6680
6682
6683
6690
6692
6693
6694
6697
6701
6708
6713
6714
6715
6716
6717
6718
6721
6723
6725
6726
6728
6729
6735
6737
6738
6743
6786
6791
6792
6814
6816
6824
6828
6831
6835
6836
6843
6859
6864
6866
6871
6872
6874
6893
6895
6896
6897
6898
6899
6900
6901
6912
6917
6924
6929
6938
6943
6947
6948
6954
6959
6964
6965
6969
6972
6984
6997
6999
7006
7012
7023
7028
7030
7036
7044
7047
7053
7064
7066
7070
7074
7079
7085
7088
7089
7091
7108
7109
7113
7114
7115
7144
7149
7155
7163
7165
7185
7186
7190
7196
7207
7208
7213
7214
7215
7216
7219
7220
7222
7223
7224
7225
7226
7227
7228
7229
7230
7231
7233
7234
7235
7237
7241
7243
7244
7245
7248
7252
7258
7259
7264
7265
7266
7267
7272
7274
7275
7277
7279
7280
7285
7287
7288
7289
7291
7294
7299
7304
7315
7318
7323
7326
7330
7334
7354
7358
7362
7365
7368
7369
7371
7374
7377
7379
7382
7387
7394
7405
7412
7417
7422
7423
7426
7428
7434
7436
7437
7441
7444
7446
7447
7449
7451
7452
7453
7454
7463
7467
7468
7475
7478
7480
7489
7492
7494
7495
7515
7516
7520
7522
7530
7535
7554
7557
7568
7574
7577
7579
7586
7602
7604
7607
7608
7611
7615
7616
7621
7622
7624
7636
7637
7638
7639
7647
7649
7655
7659
7660
7661
7666
7686
7698
7706
7709
7710
7714
7733
7736
7739
7741
7747
7749
7754
7758
7759
7760
7764
7767
7770
7771
7774
7775
7776
7777
7778
7780
7781
7782
7783
7784
7785
7786
7788
7792
7795
7797
7798
7799
7801
7803
7809
7813
7815
7816
7818
7827
7828
7829
7831
7832
7838
7839
7840
7844
7845
7846
7863
7864
7866
7871
7877
7885
7893
7897
7898
7904
7906
7907
7908
7913
7915
7916
7923
7928
7929
7930
7942
7943
7959
7960
7961
7962
7967
7968
7971
7974
7975
7979
7985
7992
7995
7997
7999
8000
8002
8003
8004
8005
8014
8022
8027
8031
8038
8045
8050
8060
8064
8065
8067
8071
8073
8074
8082
8086
8089
8104
8108
8114
8116
8125
8128
8129
8131
8136
8138
8140
8142
8146
8149
8154
8155
8161
8163
8168
8172
8174
8179
8180
8189
8198
8206
8207
8209
8210
8212
8217
8219
8240
8247
8265
8284
8292
8300
8310
8315
8317
8321
8322
8325
8326
8327
8328
8330
8331
8333
8335
8336
8337
8343
8348
8350
8354
8355
8365
8366
8367
8370
8375
8378
8380
8381
8382
8383
8387
8388
8390
8391
8392
8393
8395
8396
8414
8415
8417
8423
8425
8432
8433
8436
8460
8461
8468
8469
8474
8477
8480
8481
8492
8518
8519
8525
8527
8529
8530
8531
8536
8538
8548
8549
8550
8551
8552
8553
8554
8556
8566
8569
8573
8582
8589
8591
8603
8610
8612
8618
8633
8637
8638
8640
8659
8665
8670
8671
8673
8680
8681
8687
8695
8697
8706
8709
8710
8712
8719
8723
8724
8727
8728
8732
8740
8749
8757
8758
8761
8762
8764
8772
8780
8798
8812
8814
8815
8816
8844
8849
8861
8865
8866
8867
8868
8872
8873
8875
8876
8877
8878
8879
8880
8882
8883
8885
8886
8887
8888
8890
8892
8894
8897
8898
8899
8905
8909
8911
8916
8917
8918
8920
8927
8928
8931
8932
8933
8934
8938
8939
8940
8941
8942
8943
8944
8947
8965
8966
8968
8976
8979
8996
9002
9005
9013
9015
9016
9019
9021
9034
9038
9040
9044
9052
9063
9064
9073
9078
9081
9083
9087
9090
9100
9102
9105
9106
9107
9116
9121
9140
9142
9143
9164
9169
9175
9183
9190
9194
9196
9216
9223
9224
9225
9230
9231
9235
9238
9242
9245
9255
9261
9262
9263
9264
9265
9267
9270
9289
9290
9291
9294
9300
9302
9312
9313
9317
9319
9322
9355
9361
9365
9367
9383
9385
9388
9389
9390
9393
9398
9400
9412
9413
9416
9417
9418
9419
9420
9424
9426
9427
9428
9429
9430
9431
9432
9433
9434
9435
9436
9437
9438
9439
9445
9448
9449
9453
9454
9456
9462
9466
9468
9469
9470
9471
9473
9475
9479
9480
9481
9482
9483
9484
9485
9490
9492
9493
9496
9497
9502
9503
9516
9519
9522
9534
9544
9546
9550
9554
9556
9558
9562
9565
9568
9569
9577
9578
9579
9581
9582
9591
9594
9600
9608
9612
9613
9614
9624
9628
9629
9634
9638
9639
9647
9649
9651
9652
9657
9658
9664
9671
9672
9678
9680
9684
9701
9703
9720
9723
9725
9726
9727
9734
9739
9741
9742
9744
9758
9761
9764
9772
9773
9775
9778
9783
9787
9808
9812
9818
9821
9828
9838
9840
9842
9843
9847
9848
9851
9856
9862
9863
9870
9872
9875
9881
9893
9914
9936
9938
9939
9940
9942
9943
9944
9949
9951
9962
9963
9967
9968
9969
9970
9974
9975
9977
9978
9979
9980
9982
9983
9984
9985
9986
9987
9988
9989
9990
9996
9998
9999
10000
10003
10006
10010
10017
10019
10020
10022
10027
10029
10030
10031
10032
10033
10035
10036
10040
10042
10043
10044
10046
10047
10067
10068
10074
10076
10079
10088
10089
10094
10097
10099
10106
10114
10116
10118
10121
10129
10131
10134
10140
10142
10145
10159
10164
10170
10175
10177
10178
10180
10181
10202
10203
10204
10205
10206
10208
10223
10229
10235
10242
10245
10251
10253
10254
10273
10274
10277
10290
10293
10297
10309
10312
10315
10316
10322
10327
10329
10331
10338
10342
10351
10353
10359
10363
10364
10365
10369
10372
10377
10391
10393
10395
10410
10413
10414
10415
10437
10455
10468
10473
10489
10490
10491
10493
10494
10508
10511
10513
10514
10515
10518
10519
10520
10525
10526
10528
10529
10530
10531
10532
10533
10535
10536
10538
10539
10540
10541
10543
10547
10550
10551
10557
10560
10563
10569
10570
10573
10578
10580
10581
10584
10585
10590
10592
10594
10595
10597
10601
10608
10618
10619
10629
10633
10640
10648
10653
10655
10657
10659
10661
10667
10669
10671
10672
10673
10678
10681
10684
10691
10692
10695
10696
10699
10710
10715
10719
10721
10725
10726
10728
10729
10735
10736
10740
10746
10748
10752
10753
10754
10755
10757
10759
10760
10771
10793
10796
10804
10807
10810
10814
10822
10829
10838
10849
10863
10875
10880
10910
10913
10915
10919
10920
10928
10931
10935
10938
10942
10944
10945
10953
10956
10957
10958
10961
10964
10965
10970
10976
10977
11008
11015
11016
11018
11019
11037
11040
11041
11042
11048
11055
11058
11065
11068
11069
11070
11071
11072
11075
11076
11077
11080
11081
11082
11083
11085
11086
11087
11088
11089
11090
11091
11092
11094
11098
11099
11101
11102
11108
11111
11120
11122
11124
11130
11132
11133
11134
11136
11137
11142
11143
11145
11146
11147
11148
11151
11152
11159
11169
11173
11181
11184
11199
11203
11204
11205
11211
11213
11218
11221
11226
11228
11230
11234
11235
11242
11243
11247
11255
11261
11266
11277
11279
11282
11285
11286
11291
11299
11301
11304
11306
11307
11308
11309
11310
11311
11317
11322
11324
11337
11339
11347
11350
11358
11359
11362
11364
11367
11369
11373
11375
11380
11389
11394
11399
11411
11414
11420
11426
11449
11450
11466
11467
11469
11478
11479
11482
11484
11493
11495
11496
11504
11509
11512
11515
11516
11523
11528
11536
11546
11566
11586
11589
11593
11594
11595
11596
11604
11610
11620
11621
11622
11627
11628
11631
11632
11633
11635
11636
11637
11638
11639
11640
11641
11642
11643
11644
11649
11650
11652
11655
11663
11666
11670
11671
11673
11674
11675
11682
11683
11684
11685
11686
11687
11689
11693
11695
11696
11698
11699
11706
11710
11720
11721
11724
11727
11731
11738
11750
11752
11756
11757
11758
11764
11769
11771
11773
11785
11786
11793
11796
11797
11798
11807
11812
11814
11817
11823
11830
11835
11839
11849
11855
11856
11857
11858
11859
11860
11861
11862
11868
11869
11873
11875
11882
11883
11887
11888
11895
11902
11905
11913
11920
11927
11930
11931
11940
11950
11956
11965
11971
11976
11978
12001
12002
12012
12015
12017
12019
12022
12023
12029
12031
12034
12035
12042
12047
12055
12059
12063
12066
12067
12071
12079
12097
12115
12140
12144
12146
12148
12149
12155
12161
12171
12172
12173
12177
12178
12179
12182
12183
12184
12185
12187
12188
12189
12190
12191
12194
12200
12203
12209
12213
12214
12217
12221
12222
12224
12230
12231
12234
12235
12236
12238
12239
12242
12243
12244
12245
12246
12247
12249
12250
12252
12259
12261
12271
12272
12275
12283
12285
12291
12298
12301
12305
12306
12307
12314
12316
12318
12321
12322
12332
12341
12344
12347
12348
12355
12363
12364
12368
12371
12375
12379
12380
12386
12389
12392
12393
12399
12400
12402
12407
12411
12420
12421
12423
12424
12430
12434
12439
12445
12446
12452
12455
12458
12466
12467
12473
12477
12481
12494
12497
12513
12516
12520
12530
12531
12544
12552
12554
12559
12563
12566
12567
12568
12573
12577
12593
12595
12597
12614
12617
12618
12620
12630
12648
12664
12672
12691
12706
12712
12721
12722
12723
12724
12725
12728
12729
12733
12734
12735
12737
12738
12739
12740
12741
12742
12743
12744
12751
12753
12754
12756
12764
12772
12774
12776
12777
12781
12782
12785
12786
12788
12789
12790
12791
12793
12797
12798
12799
12800
12801
12811
12822
12823
12826
12828
12829
12831
12836
12842
12849
12858
12862
12876
12881
12882
12885
12893
12895
12896
12897
12898
12900
12919
12925
12926
12929
12931
12932
12934
12936
12939
12940
12957
12958
12959
12960
12961
12962
12975
13009
13011
13019
13029
13030
13032
13034
13038
13042
13044
13046
13050
13058
13061
13062
13063
13067
13080
13088
13090
13092
13095
13105
13112
13117
13118
13119
13128
13134
13138
13146
13148
13154
13165
13169
13181
13210
13221
13240
13242
13249
13251
13256
13268
13269
13270
13274
13275
13279
13280
13281
13284
13286
13287
13291
13292
13293
13294
13295
13296
13298
13302
13303
13304
13305
13310
13315
13316
13324
13325
13327
13328
13331
13336
13337
13338
13339
13340
13341
13342
13346
13347
13348
13351
13352
13359
13373
13377
13380
13385
13390
13391
13393
13400
13407
13408
13415
13423
13424
13425
13434
13441
13444
13446
13447
13448
13449
13450
13465
13470
13476
13483
13485
13487
13491
13494
13504
13505
13506
13508
13509
13510
13511
13512
13513
13525
13526
13528
13537
13543
13548
13554
13557
13568
13592
13593
13597
13599
13608
13616
13632
13641
13642
13647
13648
13652
13656
13660
13663
13665
13669
13679
13685
13687
13688
13692
13720
13721
13728
13730
13734
13742
13756
13773
13774
13795
13796
13797
13802
13814
13819
13824
13825
13826
13827
13830
13831
13835
13836
13837
13838
13839
13841
13842
13843
13844
13847
13856
13862
13864
13866
13870
13876
13877
13883
13884
13887
13888
13889
13890
13891
13892
13893
13895
13898
13900
13903
13904
13909
13910
13924
13925
13936
13939
13941
13946
13953
13954
13958
13961
13963
13970
13973
13974
13975
13984
13985
13987
13993
13995
13997
13999
14000
14001
14005
14008
14014
14015
14021
14029
14035
14036
14039
14040
14045
14048
14053
14056
14059
14061
14062
14063
14064
14065
14076
14083
14087
14099
14105
14117
14135
14143
14150
14152
14163
14166
14168
14169
14172
14182
14183
14192
14194
14207
14212
14220
14230
14243
14265
14271
14272
14307
14310
14325
14344
14348
14365
14370
14372
14374
14375
14376
14378
14381
14382
14385
14386
14387
14388
14389
14390
14391
14392
14393
14394
14395
14396
14397
14398
14401
14404
14406
14408
14417
14419
14422
14427
14430
14433
14434
14438
14439
14440
14441
14443
14444
14450
14451
14452
14454
14455
14459
14475
14487
14493
14495
14496
14497
14502
14504
14506
14509
14516
14523
14524
14527
14529
14534
14536
14537
14540
14543
14544
14548
14551
14555
14566
14567
14578
14587
14597
14606
14609
14610
14611
14612
14613
14614
14615
14616
14623
14629
14630
14637
14639
14649
14650
14653
14656
14659
14662
14664
14686
14692
14698
14713
14718
14719
14722
14731
14734
14736
14738
14743
14748
14749
14758
14766
14770
14771
14772
14773
14777
14780
14784
14799
14801
14809
14813
14818
14822
14823
14830
14836
14863
14894
14895
14901
14902
14908
14909
14915
14921
14926
14927
14928
14932
14935
14936
14938
14939
14940
14941
14942
14943
14944
14945
14946
14947
14948
14951
14953
14954
14957
14958
14965
14967
14972
14976
14977
14979
14980
14983
14985
14988
14989
14990
14991
14992
14993
14994
15000
15001
15003
15004
15005
15006
15015
15024
15025
15029
15032
15037
15039
15047
15052
15054
15059
15067
15075
15078
15079
15081
15083
15086
15087
15088
15089
15090
15093
15098
15100
15101
15106
15119
15123
15135
15137
15138
15142
15146
15156
15160
15161
15163
15164
15165
15166
15177
15179
15180
15198
15209
15211
15212
15214
15215
15222
15228
15235
15236
15237
15242
15248
15250
15260
15262
15268
15281
15284
15291
15293
15294
15298
15305
15309
15317
15319
15320
15321
15324
15331
15339
15358
15362
15372
15380
15418
15421
15423
15424
15444
15448
15449
15450
15451
15452
15463
15465
15468
15469
15471
15473
15476
15477
15481
15486
15490
15491
15492
15493
15494
15495
15496
15497
15498
15499
15501
15502
15504
15505
15506
15508
15513
15517
15520
15522
15526
15527
15530
15536
15538
15539
15541
15542
15544
15546
15547
15549
15550
15551
15553
15554
15555
15559
15574
15575
15579
15582
15587
15589
15597
15602
15604
15605
15609
15610
15612
15618
15619
15621
15622
15623
15628
15630
15636
15637
15638
15639
15640
15644
15648
15651
15656
15662
15669
15679
15682
15685
15687
15688
15691
15692
15696
15708
15710
15712
15713
15714
15715
15734
15743
15759
15762
15768
15779
15797
15798
15800
15812
15816
15817
15818
15824
15831
15833
15842
15843
15846
15848
15849
15853
15862
15863
15870
15872
15875
15884
15901
15902
15918
15930
15936
15944
15975
15978
15994
15999
16003
16006
16008
16009
16013
16015
16019
16020
16024
16025
16026
16027
16032
16035
16036
16037
16038
16039
16040
16041
16043
16044
16045
16046
16047
16048
16054
16055
16056
16058
16064
16070
16076
16077
16087
16090
16091
16092
16093
16096
16097
16099
16100
16101
16103
16105
16124
16125
16132
16137
16139
16145
16146
16152
16154
16155
16156
16162
16170
16171
16178
16181
16185
16193
16195
16198
16200
16212
16215
16216
16219
16230
16235
16237
16238
16239
16242
16246
16248
16260
16261
16263
16265
16278
16279
16293
16312
16315
16320
16323
16325
16335
16336
16348
16354
16355
16360
16362
16365
16369
16383
16384
16391
16393
16395
16398
16403
16404
16408
16416
16417
16420
16421
16422
16426
16437
16440
16442
16443
16445
16447
16456
16459
16462
16472
16513
16519
16528
16544
16548
16558
16563
16565
16569
16570
16575
16576
16577
16581
16582
16585
16586
16587
16588
16589
16590
16592
16593
16594
16595
16596
16599
16602
16603
16604
16605
16606
16608
16613
16617
16618
16620
16627
16629
16631
16633
16635
16636
16638
16639
16641
16642
16643
16644
16646
16649
16651
16652
16654
16656
16657
16659
16665
16674
16675
16677
16679
16682
16683
16687
16695
16702
16704
16705
16716
16724
16725
16727
16731
16733
16736
16738
16739
16741
16743
16745
16748
16750
16751
16752
16759
16765
16766
16769
16770
16780
16787
16788
16790
16792
16810
16811
16812
16815
16829
16830
16839
16843
16845
16849
16852
16859
16865
16870
16872
16875
16876
16884
16901
16904
16912
16915
16916
16917
16919
16931
16933
16934
16941
16943
16946
16949
16955
16965
16966
16972
16986
16988
16989
16993
16996
17000
17003
17008
17016
17018
17022
17026
17036
17039
17059
17064
17068
17071
17073
17088
17094
17098
17099
17102
17103
17109
17110
17113
17117
17119
17120
17125
17126
17127
17131
17132
17135
17136
17137
17138
17139
17140
17141
17143
17144
17145
17146
17147
17154
17170
17175
17179
17180
17185
17186
17188
17189
17190
17191
17192
17193
17194
17199
17200
17201
17202
17203
17204
17205
17206
17207
17211
17224
17225
17233
17239
17252
17254
17259
17269
17278
17281
17283
17286
17288
17289
17293
17295
17296
17298
17299
17300
17301
17304
17309
17315
17316
17320
17322
17330
17337
17338
17340
17342
17346
17348
17360
17362
17363
17372
17373
17377
17384
17387
17393
17402
17404
17412
17415
17429
17430
17434
17435
17444
17450
17454
17460
17462
17466
17469
17475
17480
17481
17482
17483
17503
17516
17524
17536
17543
17568
17572
17576
17589
17592
17604
17620
