0
1
4
7
11
14
16
17
18
19
20
31
39
40
42
46
51
59
60
71
78
79
82
86
91
93
96
111
118
119
120
122
131
133
134
136
138
139
150
152
155
157
158
169
170
171
172
173
176
177
182
188
189
192
194
195
197
211
215
217
226
227
229
230
232
233
240
243
245
249
250
255
264
265
266
267
269
271
278
283
285
286
293
302
303
306
322
327
339
340
341
346
349
362
366
377
381
384
385
387
388
397
403
406
416
422
423
426
434
437
439
440
445
460
472
475
477
478
479
491
493
496
498
511
512
515
517
518
521
548
551
553
555
556
569
570
586
587
593
599
605
607
612
613
