0
1
2
3
6
7
8
11
15
16
17
18
35
36
38
42
46
54
56
62
67
68
69
70
75
88
89
95
96
101
112
114
123
146
154
159
171
177
180
182
184
185
199
201
204
205
222
223
224
239
257
262
267
281
287
300
305
318
321
330
332
333
335
338
343
345
356
362
376
378
379
386
399
409
415
416
425
427
431
434
438
441
442
446
447
449
452
453
456
458
470
477
478
482
495
520
525
527
533
535
541
542
559
562
565
568
580
584
595
597
613
634
636
644
661
662
670
673
677
684
686
687
689
709
723
740
743
759
762
788
794
802
809
812
819
833
844
865
867
869
876
884
886
902
913
916
922
925
943
954
966
993
1016
1023
1030
1035
1051
1056
1062
1090
1095
1097
1102
1103
1112
1136
1139
1149
1177
1198
1220
1227
1229
1241
1247
1255
1256
1261
1262
1263
1268
1271
1274
1288
1293
1306
1322
1323
1327
1336
1340
1353
1364
1379
1382
1385
1390
1393
1409
1417
1450
1472
1485
1488
1490
1491
1496
1500
1501
1502
1508
1524
1525
1530
1531
1533
1537
1549
1566
1568
1569
1575
1588
1596
1599
1612
1645
1646
1647
1665
1682
1685
1692
1698
1703
1707
1712
1713
1716
1719
1724
1730
1749
1755
1757
1781
1782
1791
1801
1802
1811
1819
1827
1832
1838
1845
1846
1849
1850
1856
1883
1898
1912
1917
1931
1936
1945
1948
1954
1955
1961
1962
1976
1987
1998
2001
2009
2020
2026
2039
2042
2043
2046
2051
2057
2060
2063
2070
2072
2074
2076
2083
2092
2094
2101
2102
2103
2106
2128
2141
2161
2167
2171
2179
2181
2185
2190
2193
2195
2221
2230
2242
2243
2246
2251
2268
2302
2303
2304
2308
2309
2321
2333
2339
2346
2358
2370
2377
2394
2405
2415
2424
2428
2431
2432
2436
2460
2461
2475
2479
2483
2500
2504
2520
2533
2542
2546
2548
2552
2561
2577
2590
2591
2596
2598
2615
2619
2624
2640
2642
2644
2657
2660
2666
2683
2691
2698
2709
2717
2719
2731
2735
2759
2793
2806
2830
2834
2844
2865
2866
2871
2881
2896
2921
2924
2928
2934
2942
2959
2968
2970
2972
2978
2979
2980
2987
2990
2996
3000
3003
3006
3008
3011
3036
3043
3059
3073
3085
3095
3098
3101
3103
3112
3121
3126
3133
3138
3157
3187
3192
3201
3207
3212
3223
3231
3233
3236
3241
3242
3248
3250
3253
3266
3277
3302
3303
3306
3312
3313
3318
3321
3325
3337
3356
3362
3373
3381
3386
3406
3411
3422
3451
3453
3454
3460
3464
3468
3478
3482
3522
3530
3546
3554
3557
3558
3567
3568
3571
3575
3579
3582
3586
3593
3595
3598
3610
3634
3644
3645
3647
3652
3665
3667
3668
3672
3678
3679
3682
3683
3688
3692
